ปี,เทอม,รหัสวิชา,ชื่อไทย,รหัสกลุ่ม,ชื่อภาษาอังกฤษ,ภาควิชา,หน่วยกิต,รายละเอียดวัน-เวลา-ห้องเรียน-อาคาร-ประเภทการสอน,รายละเอียดวิชา,เงื่อนไขรายวิชา,อาจารย์,สอบกลางภาค,สอบปลายภาค,หมายเหตุ,อ้างอิง
2567,1,511100-165,ความรู้พื้นฐานสำหรับแคลคูลัส,01,PRECALCULUS,"วิทยาศาสตร์, ภาควิชาคณิตศาสตร์",3 (3-0-6),"เรียนทั้งหมด 3 คาบดังนี้ วัน : จันทร์ _ เวลา : 13:00-13:50 _ ห้องเรียน : ไววิทย์พุทธารี _ อาคาร : วิทย์1 _ ประเภทการสอน : C, วัน : ศุกร์ _ เวลา : 10:20-12:05 _ ห้องเรียน : ร.วท.2 _ อาคาร : รวมวิทย์ _ ประเภทการสอน : C, วัน : พุธ _ เวลา : 16:40-18:25 _ ห้องเรียน : ไววิทย์พุทธารี _ อาคาร : วิทย์1 _ ประเภทการสอน : T","['สมบัติของจำนวนจริง ค่าสัมบูรณ์ อัตราส่วน ร้อยละ การเทียบบัญญัติไตรยางศ์ พหุนาม เศษส่วนของพหุนาม การแก้สมการและอสมการพหุนาม ระบบสมการเชิงเส้น ฟังก์ชัน ฟังก์ชันผกผัน ฟังก์ชันเชิงกำลัง ฟังก์ชันลอการิทึม กราฟของฟังก์ชันพื้นฐาน ทฤษฎีบทพีทาโกรัส ฟังก์ชันตรีโกณมิติ   .  . . .   . .  .   .   .      . .  .  .  . . ’ .  .', '']",[],ผู้ช่วยศาสตราจารย์ ดร.ธรรมธาดา เขมะรัชตกำธรผู้ช่วยศาสตราจารย์ ดร.ธนากร ปริญญาศาสตร์,31 ส.ค. 2567 เวลา 09:00 - 12:00 อาคาร รวมวิทย์ ห้อง ร.วท.1,21 ต.ค. 2567 เวลา 09:00 - 12:00 อาคาร รวมวิทย์ ห้อง ร.วท.1,บ.คอม สนเทศ ปี 1-3,https://reg2.su.ac.th/registrar/class_info_2.asp?backto=home&option=0&courseid=131921&acadyear=2567&semester=1&avs651280586=7
2567,1,511100-165,ความรู้พื้นฐานสำหรับแคลคูลัส,02,PRECALCULUS,"วิทยาศาสตร์, ภาควิชาคณิตศาสตร์",3 (3-0-6),"เรียนทั้งหมด 2 คาบดังนี้ วัน : อาทิตย์ _ เวลา : 08:30-11:10 _ ห้องเรียน : 1232 ว.1 _ อาคาร : วิทย์1 _ ประเภทการสอน : C, วัน : อาทิตย์ _ เวลา : 11:15-12:05 _ ห้องเรียน : 1232 ว.1 _ อาคาร : วิทย์1 _ ประเภทการสอน : T","['สมบัติของจำนวนจริง ค่าสัมบูรณ์ อัตราส่วน ร้อยละ การเทียบบัญญัติไตรยางศ์ พหุนาม เศษส่วนของพหุนาม การแก้สมการและอสมการพหุนาม ระบบสมการเชิงเส้น ฟังก์ชัน ฟังก์ชันผกผัน ฟังก์ชันเชิงกำลัง ฟังก์ชันลอการิทึม กราฟของฟังก์ชันพื้นฐาน ทฤษฎีบทพีทาโกรัส ฟังก์ชันตรีโกณมิติ   .  . . .   . .  .   .   .      . .  .  .  . . ’ .  .', '']",[],ผู้ช่วยศาสตราจารย์ ดร.ธรรมธาดา เขมะรัชตกำธรผู้ช่วยศาสตราจารย์ ดร.ธนากร ปริญญาศาสตร์,31 ส.ค. 2567 เวลา 09:00 - 12:00 อาคาร วิทย์1 ห้อง ไม่มีสอบ,,นักศึกษาที่สอบผ่านตามใบปลดล็อค,https://reg2.su.ac.th/registrar/class_info_2.asp?backto=home&option=0&courseid=131921&acadyear=2567&semester=1&avs651280586=7
2567,1,511101-165,แคลคูลัส 1,01,CALCULUS I,"วิทยาศาสตร์, ภาควิชาคณิตศาสตร์",3 (3-0-6),"เรียนทั้งหมด 3 คาบดังนี้ วัน : จันทร์ _ เวลา : 08:30-10:15 _ ห้องเรียน : 5406 ว.4 _ อาคาร : วิทย์4 _ ประเภทการสอน : C, วัน : ศุกร์ _ เวลา : 08:30-09:20 _ ห้องเรียน : 5406 ว.4 _ อาคาร : วิทย์4 _ ประเภทการสอน : C, วัน : ศุกร์ _ เวลา : 09:25-10:15 _ ห้องเรียน : 5406 ว.4 _ อาคาร : วิทย์4 _ ประเภทการสอน : T","['ลิมิตและความต่อเนื่องของฟังก์ชัน อนุพันธ์ของฟังก์ชันตัวแปรเดียว และการประยุกต์ อนุกรมอนันต์    .        .  .', '']",[],อาจารย์ผกามาส พะวงษ์ผู้ช่วยศาสตราจารย์ ดร.ธรรมธาดา เขมะรัชตกำธร,31 ส.ค. 2567 เวลา 09:00 - 12:00 อาคาร วิทย์4 ห้อง 5406 ว.4,23 ต.ค. 2567 เวลา 09:00 - 12:00 อาคาร วิทย์4 ห้อง 5406 ว.4,บ.เคมี ฟิสิกส์ ค.ประยุกต์ คณิต ปี1-3,https://reg2.su.ac.th/registrar/class_info_2.asp?backto=home&option=0&courseid=130681&acadyear=2567&semester=1&avs651280586=11
2567,1,511103-165,แคลคูลัสสำหรับนักวิทยาศาสตร์ชีวภาพ,01,CALCULUS FOR BIOLOGICAL SCIENTISTS,"วิทยาศาสตร์, ภาควิชาคณิตศาสตร์",3 (3-0-6),"เรียนทั้งหมด 3 คาบดังนี้ วัน : จันทร์ _ เวลา : 13:00-13:50 _ ห้องเรียน : 4206 ว.4 _ อาคาร : วิทย์4 _ ประเภทการสอน : C, วัน : พุธ _ เวลา : 10:20-12:05 _ ห้องเรียน : ร.วท.1 _ อาคาร : รวมวิทย์ _ ประเภทการสอน : C, วัน : จันทร์ _ เวลา : 13:55-14:45 _ ห้องเรียน : 4206 ว.4 _ อาคาร : วิทย์4 _ ประเภทการสอน : T","['เมทริกซ์และการแก้ระบบสมการเชิงเส้น สมบัติทางพีชคณิตและเรขาคณิตของเวกเตอร์ ความสัมพันธ์และฟังก์ชัน ฟังก์ชันอดิศัย อัตราการเปลี่ยนแปลง อนุพันธ์ ปริพันธ์ พื้นที่\nระหว่างเส้นโค้ง อนุกรมเทย์เลอร์และอนุกรมแมคคลอริน สมการเชิงอนุพันธ์อันดับหนึ่งแบบแยกตัวแปรได้และการประยุกต์      .     \n.   .  .   . . .   .     .       .', '']",[],รองศาสตราจารย์ ดร.จิตติศักดิ์ รักบุตร,8 ก.ย. 2567 เวลา 09:00 - 12:00 อาคาร รวมวิทย์ ห้อง ร.วท.2,23 ต.ค. 2567 เวลา 09:00 - 12:00 อาคาร วิทย์4 ห้อง 4204 ว.4,บ.ชีวภาพ ปี1-3,https://reg2.su.ac.th/registrar/class_info_2.asp?backto=home&option=0&courseid=131061&acadyear=2567&semester=1&avs651280586=13
2567,1,511103-165,แคลคูลัสสำหรับนักวิทยาศาสตร์ชีวภาพ,02,CALCULUS FOR BIOLOGICAL SCIENTISTS,"วิทยาศาสตร์, ภาควิชาคณิตศาสตร์",3 (3-0-6),"เรียนทั้งหมด 3 คาบดังนี้ วัน : จันทร์ _ เวลา : 13:00-13:50 _ ห้องเรียน : ร.วท.2 _ อาคาร : รวมวิทย์ _ ประเภทการสอน : C, วัน : พุธ _ เวลา : 10:20-12:05 _ ห้องเรียน : 5406 ว.4 _ อาคาร : วิทย์4 _ ประเภทการสอน : C, วัน : จันทร์ _ เวลา : 13:55-14:45 _ ห้องเรียน : ร.วท.2 _ อาคาร : รวมวิทย์ _ ประเภทการสอน : T","['เมทริกซ์และการแก้ระบบสมการเชิงเส้น สมบัติทางพีชคณิตและเรขาคณิตของเวกเตอร์ ความสัมพันธ์และฟังก์ชัน ฟังก์ชันอดิศัย อัตราการเปลี่ยนแปลง อนุพันธ์ ปริพันธ์ พื้นที่\nระหว่างเส้นโค้ง อนุกรมเทย์เลอร์และอนุกรมแมคคลอริน สมการเชิงอนุพันธ์อันดับหนึ่งแบบแยกตัวแปรได้และการประยุกต์      .     \n.   .  .   . . .   .     .       .', '']",[],ผู้ช่วยศาสตราจารย์ ดร.สิทธิเศรษฐ์ พลเวียงผู้ช่วยศาสตราจารย์ ดร.ปรีชญา สัญญฑิตย์,8 ก.ย. 2567 เวลา 09:00 - 12:00 อาคาร หอประชุม ห้อง หอประชุมศูนย์รวม 2,23 ต.ค. 2567 เวลา 09:00 - 12:00 อาคาร รวมวิทย์ ห้อง ร.วท.1,บ.เภสัช ปี1-2,https://reg2.su.ac.th/registrar/class_info_2.asp?backto=home&option=0&courseid=131061&acadyear=2567&semester=1&avs651280586=13
2567,1,511104-165,แคลคูลัสสำหรับวิศวกร 1,01,CALCULUS FOR ENGINEERS I,"วิทยาศาสตร์, ภาควิชาคณิตศาสตร์",3 (3-0-6),"เรียนทั้งหมด 3 คาบดังนี้ วัน : อังคาร _ เวลา : 10:20-12:05 _ ห้องเรียน : 5406 ว.4 _ อาคาร : วิทย์4 _ ประเภทการสอน : C, วัน : พฤหัสบดี _ เวลา : 10:20-11:10 _ ห้องเรียน : หอประชุมศูนย์รวม 2 _ อาคาร : หอประชุม _ ประเภทการสอน : C, วัน : พฤหัสบดี _ เวลา : 11:15-12:05 _ ห้องเรียน : หอประชุมศูนย์รวม 2 _ อาคาร : หอประชุม _ ประเภทการสอน : T","['ลิมิตและความต่อเนื่อง การหาอนุพันธ์และการประยุกต์ในทางวิศวกรรมศาสตร์    ค่าสุดขีดของฟังก์ชัน รูปแบบยังไม่กำหนด กฎโลปิตาล ลำดับและอนุกรมอนันต์ อนุกรมกำลัง อนุกรมเทย์เลอร์และอนุกรมแมคคลอริน  .        .   .  . ’’ .    .  .    .', '']",[],อาจารย์ ดร.ธีระเดช ไหลสุพรรณวงศ์ผู้ช่วยศาสตราจารย์ ดร.ปรีชญา สัญญฑิตย์ผู้ช่วยศาสตราจารย์ ดร.วรรณรัตน์ รุ่งโรจน์ธีระ,31 ส.ค. 2567 เวลา 09:00 - 12:00 อาคาร หอประชุม ห้อง หอประชุมศูนย์รวม 2,23 ต.ค. 2567 เวลา 13:30 - 16:30 อาคาร หอประชุม ห้อง หอประชุมศูนย์รวม 2,บ.กระบวนการ อิเล็กปี1-3 ไฟฟ้า ปี1-2,https://reg2.su.ac.th/registrar/class_info_2.asp?backto=home&option=0&courseid=128951&acadyear=2567&semester=1&avs651280586=15
2567,1,511104-2560,แคลคูลัสสำหรับวิศวกร 1,01,CALCULUS FOR ENGINEERS I,"วิทยาศาสตร์, ภาควิชาคณิตศาสตร์",3 (3-0-6),"เรียนทั้งหมด 3 คาบดังนี้ วัน : อังคาร _ เวลา : 10:20-12:05 _ ห้องเรียน : 5406 ว.4 _ อาคาร : วิทย์4 _ ประเภทการสอน : C, วัน : พฤหัสบดี _ เวลา : 10:20-11:10 _ ห้องเรียน : หอประชุมศูนย์รวม 2 _ อาคาร : หอประชุม _ ประเภทการสอน : C, วัน : พฤหัสบดี _ เวลา : 11:15-12:05 _ ห้องเรียน : หอประชุมศูนย์รวม 2 _ อาคาร : หอประชุม _ ประเภทการสอน : T","['ลิมิตและความต่อเนื่อง การหาอนุพันธ์และการประยุกต์ในทางวิศวกรรมศาสตร์    ค่าสุดขีดของฟังก์ชัน รูปแบบยังไม่กำหนด กฎโลปิตาล ลำดับและอนุกรมอนันต์ อนุกรมกำลัง อนุกรมเทย์เลอร์และอนุกรมแมคคลอริน  .        .   .  . ’’ .    .  .    .', '']",[],อาจารย์ ดร.ธีระเดช ไหลสุพรรณวงศ์ผู้ช่วยศาสตราจารย์ ดร.ปรีชญา สัญญฑิตย์ผู้ช่วยศาสตราจารย์ ดร.วรรณรัตน์ รุ่งโรจน์ธีระ,31 ส.ค. 2567 เวลา 09:00 - 12:00 อาคาร หอประชุม ห้อง หอประชุมศูนย์รวม 2,23 ต.ค. 2567 เวลา 13:30 - 16:30 อาคาร หอประชุม ห้อง หอประชุมศูนย์รวม 2,บ.ปิโตร ว.เคมี การจัดการ กระบวนการ วัสดุ เครื่องกล อุตการ อิเล็ก ปี4-8,https://reg2.su.ac.th/registrar/class_info_2.asp?backto=home&option=0&courseid=109384&acadyear=2567&semester=1&avs651280586=16
